image: experiments_jirs_01.pgm
resolution: 0.050000
origin: [-112.800000, -168.800000, 0.000000]
negate: 0
occupied_thresh: 0.65
free_thresh: 0.196

